motif	A	T	C	G
1	0.2852	0.2830	0.1833	0.2485
2	0.2911	0.2749	0.1928	0.2412
3	0.2911	0.2925	0.1833	0.2331
4	0.2823	0.2859	0.1664	0.2654
5	0.3174	0.2837	0.1576	0.2412
6	0.2661	0.2845	0.1957	0.2537
7	0.2815	0.2808	0.1738	0.2639
8	0.2911	0.3006	0.1774	0.2309
9	0.2903	0.2764	0.1913	0.2419
10	0.2669	0.2779	0.2023	0.2529
11	0.3160	0.2845	0.1796	0.2199
12	0.2625	0.2815	0.1957	0.2603
13	0.2764	0.2786	0.1906	0.2544
14	0.2823	0.2713	0.2009	0.2456
15	0.2654	0.2955	0.1913	0.2478
16	0.2779	0.2852	0.1840	0.2529
17	0.2852	0.3035	0.1576	0.2537
18	0.2705	0.2984	0.1789	0.2522
19	0.2757	0.2845	0.1899	0.2500
20	0.2837	0.2815	0.1752	0.2595
21	0.2735	0.2742	0.1921	0.2603
22	0.2903	0.3109	0.1796	0.2192
23	0.2603	0.2801	0.2009	0.2588
24	0.3087	0.2639	0.2082	0.2192
25	0.2918	0.2896	0.1811	0.2375
26	0.2889	0.3006	0.1833	0.2273
27	0.2896	0.2727	0.1862	0.2515
28	0.3057	0.2559	0.1723	0.2661
29	0.2632	0.3101	0.1833	0.2434
30	0.2742	0.2947	0.1899	0.2412
31	0.2661	0.2808	0.1928	0.2603
32	0.3035	0.2654	0.1921	0.2390
33	0.2801	0.2984	0.1862	0.2353
34	0.2896	0.2984	0.1774	0.2346
35	0.2815	0.2735	0.1870	0.2581
36	0.2962	0.2588	0.1899	0.2551
37	0.3028	0.2793	0.1774	0.2405
38	0.2918	0.2786	0.1833	0.2463
39	0.2852	0.2837	0.1840	0.2471
40	0.3028	0.2676	0.1774	0.2522
41	0.2661	0.3094	0.1796	0.2449
42	0.2779	0.2874	0.1826	0.2522
43	0.2823	0.2911	0.1877	0.2390
44	0.2815	0.2903	0.1701	0.2581
45	0.2823	0.2903	0.1760	0.2515
46	0.2940	0.2845	0.1840	0.2375
47	0.2757	0.2801	0.1840	0.2603
48	0.2757	0.2815	0.1921	0.2507
49	0.2786	0.2705	0.1965	0.2544
50	0.2720	0.2742	0.1891	0.2647
51	0.2815	0.2801	0.1833	0.2551
52	0.2603	0.3218	0.1848	0.2331
53	0.2691	0.3006	0.1877	0.2427
54	0.2874	0.2837	0.1840	0.2449
55	0.2698	0.2859	0.2119	0.2324
56	0.3057	0.2757	0.1848	0.2339
57	0.2823	0.2742	0.1833	0.2603
58	0.2911	0.2639	0.1935	0.2515
59	0.2903	0.2727	0.1928	0.2441
60	0.2823	0.2837	0.1943	0.2397
61	0.2896	0.2808	0.1730	0.2566
62	0.2808	0.2639	0.1877	0.2676
63	0.2617	0.2617	0.2075	0.2691
64	0.3021	0.2661	0.1870	0.2449
65	0.2837	0.2669	0.1913	0.2581
66	0.2889	0.2837	0.1994	0.2280
67	0.2544	0.2801	0.1935	0.2720
68	0.2859	0.2720	0.1789	0.2632
69	0.2742	0.2683	0.1928	0.2647
70	0.2881	0.2581	0.2075	0.2463
71	0.3057	0.2793	0.1855	0.2295
72	0.2823	0.2786	0.1708	0.2683
73	0.2749	0.2735	0.1884	0.2632
74	0.2999	0.2757	0.1899	0.2346
75	0.2874	0.2749	0.1774	0.2603
76	0.2676	0.2859	0.1943	0.2522
77	0.2779	0.2940	0.1760	0.2522
78	0.2735	0.2713	0.2009	0.2544
79	0.2793	0.2720	0.2009	0.2478
80	0.2969	0.2735	0.1789	0.2507
81	0.2625	0.2771	0.2067	0.2537
82	0.2757	0.3006	0.1884	0.2353
83	0.3057	0.2639	0.1899	0.2405
84	0.2940	0.2830	0.1745	0.2485
85	0.2676	0.2720	0.2067	0.2537
86	0.2830	0.2705	0.1994	0.2471
87	0.2654	0.3057	0.2031	0.2258
88	0.2764	0.3065	0.1899	0.2273
89	0.2830	0.2742	0.1965	0.2463
90	0.2925	0.2786	0.1921	0.2368
91	0.2830	0.2757	0.1884	0.2529
92	0.2999	0.2676	0.1979	0.2346
93	0.2757	0.2903	0.1884	0.2456
94	0.2991	0.2779	0.1679	0.2551
95	0.2845	0.2764	0.1657	0.2735
96	0.2713	0.2610	0.1877	0.2801
97	0.2962	0.2779	0.1855	0.2405
98	0.2808	0.2808	0.1870	0.2515
99	0.2713	0.2669	0.2060	0.2559
100	0.2808	0.2962	0.1913	0.2317
101	0.2698	0.3043	0.1833	0.2427
102	0.2815	0.2911	0.1752	0.2522
103	0.2903	0.3072	0.1862	0.2163
104	0.2661	0.2815	0.1891	0.2632
105	0.2632	0.2705	0.1957	0.2705
106	0.2830	0.3167	0.1928	0.2075
107	0.2757	0.2947	0.1833	0.2463
108	0.2881	0.3130	0.1730	0.2258
109	0.2691	0.3065	0.1862	0.2383
110	0.2669	0.3087	0.2016	0.2229
111	0.2881	0.2815	0.1870	0.2434
112	0.2808	0.3013	0.1928	0.2251
113	0.2764	0.3101	0.1782	0.2353
114	0.2705	0.2933	0.1913	0.2449
115	0.2991	0.2823	0.1782	0.2405
116	0.2859	0.2940	0.1884	0.2317
117	0.2815	0.2918	0.1738	0.2529
118	0.2735	0.3306	0.1782	0.2177
119	0.2830	0.2933	0.1950	0.2287
120	0.2940	0.2771	0.1928	0.2361
121	0.2911	0.3094	0.1701	0.2295
122	0.3087	0.2859	0.1804	0.2251
123	0.2874	0.3057	0.1884	0.2185
124	0.2881	0.2889	0.1694	0.2537
125	0.2837	0.3101	0.1796	0.2265
126	0.2683	0.3204	0.1774	0.2339
127	0.2808	0.3130	0.1818	0.2243
128	0.2661	0.3299	0.1870	0.2170
129	0.2845	0.3262	0.1774	0.2119
130	0.2786	0.3189	0.1833	0.2192
131	0.2661	0.3116	0.2016	0.2207
132	0.2698	0.3189	0.1818	0.2295
133	0.2705	0.3218	0.1950	0.2126
134	0.2698	0.3218	0.1965	0.2119
135	0.2742	0.3350	0.1774	0.2133
136	0.2786	0.3328	0.1723	0.2163
137	0.2830	0.3211	0.1606	0.2353
138	0.2698	0.3226	0.1760	0.2317
139	0.2837	0.3160	0.1884	0.2119
140	0.2859	0.3277	0.1686	0.2177
141	0.2793	0.3145	0.1752	0.2309
142	0.2779	0.3358	0.1760	0.2104
143	0.2742	0.3534	0.1730	0.1994
144	0.2874	0.3306	0.1708	0.2111
145	0.2713	0.3453	0.1833	0.2001
146	0.2683	0.3446	0.1686	0.2185
147	0.2632	0.3218	0.1855	0.2295
148	0.2815	0.3490	0.1672	0.2023
149	0.2771	0.3336	0.1760	0.2133
150	0.2771	0.3196	0.1848	0.2185
151	0.2749	0.3292	0.1884	0.2075
152	0.2757	0.3570	0.1642	0.2031
153	0.2757	0.3365	0.1606	0.2273
154	0.2669	0.3512	0.1891	0.1928
155	0.2727	0.3387	0.1811	0.2075
156	0.2705	0.3365	0.1935	0.1994
157	0.3101	0.3248	0.1576	0.2075
158	0.2925	0.3299	0.1664	0.2111
159	0.2705	0.3446	0.1848	0.2001
160	0.2683	0.3526	0.1760	0.2031
161	0.2632	0.3526	0.1723	0.2119
162	0.2647	0.3578	0.1701	0.2075
163	0.2801	0.3284	0.1679	0.2236
164	0.2588	0.3739	0.1628	0.2045
165	0.2823	0.3482	0.1738	0.1957
166	0.2713	0.3666	0.1562	0.2060
167	0.2691	0.3820	0.1613	0.1877
168	0.2537	0.3695	0.1723	0.2045
169	0.2801	0.3592	0.1642	0.1965
170	0.2522	0.3834	0.1738	0.1906
171	0.2551	0.3732	0.1591	0.2126
172	0.2500	0.3783	0.1716	0.2001
173	0.2551	0.3805	0.1701	0.1943
174	0.2779	0.3673	0.1613	0.1935
175	0.2713	0.3871	0.1510	0.1906
176	0.2610	0.3849	0.1547	0.1994
177	0.2515	0.3761	0.1650	0.2075
178	0.2639	0.3966	0.1422	0.1972
179	0.2639	0.3783	0.1738	0.1840
180	0.2595	0.3856	0.1598	0.1950
181	0.2478	0.4054	0.1430	0.2038
182	0.2493	0.3886	0.1686	0.1935
183	0.2581	0.3864	0.1635	0.1921
184	0.2603	0.3702	0.1642	0.2053
185	0.2639	0.3820	0.1708	0.1833
186	0.2639	0.3805	0.1679	0.1877
187	0.2515	0.4223	0.1488	0.1774
188	0.2529	0.3966	0.1804	0.1701
189	0.2529	0.3842	0.1657	0.1972
190	0.2566	0.4142	0.1540	0.1752
191	0.2522	0.4069	0.1437	0.1972
192	0.2683	0.3871	0.1503	0.1943
193	0.2449	0.3988	0.1657	0.1906
194	0.2507	0.4076	0.1576	0.1840
195	0.2632	0.3988	0.1540	0.1840
196	0.2441	0.4384	0.1510	0.1664
197	0.2405	0.4201	0.1444	0.1950
198	0.2493	0.4267	0.1576	0.1664
199	0.2595	0.4076	0.1356	0.1972
200	0.2537	0.4194	0.1547	0.1723
201	0.2361	0.4120	0.1481	0.2038
202	0.2529	0.4135	0.1415	0.1921
203	0.2507	0.4201	0.1503	0.1789
204	0.2647	0.4135	0.1613	0.1606
205	0.2397	0.4516	0.1452	0.1635
206	0.2529	0.4186	0.1518	0.1767
207	0.2287	0.4252	0.1430	0.2031
208	0.2471	0.4150	0.1488	0.1891
209	0.2390	0.4450	0.1510	0.1650
210	0.2324	0.4421	0.1437	0.1818
211	0.2324	0.4186	0.1613	0.1877
212	0.2515	0.4311	0.1474	0.1701
213	0.2214	0.4208	0.1679	0.1899
214	0.2273	0.4186	0.1613	0.1928
215	0.2133	0.4538	0.1422	0.1906
216	0.2265	0.4348	0.1452	0.1935
217	0.2500	0.4201	0.1393	0.1906
218	0.2625	0.4487	0.1166	0.1723
219	0.2331	0.4362	0.1510	0.1796
220	0.2353	0.4391	0.1386	0.1870
221	0.2324	0.4421	0.1408	0.1848
222	0.2265	0.4465	0.1510	0.1760
223	0.2243	0.4062	0.1650	0.2045
224	0.2331	0.4157	0.1547	0.1965
225	0.2456	0.4289	0.1393	0.1862
226	0.2361	0.4487	0.1452	0.1701
227	0.2339	0.4238	0.1694	0.1730
228	0.2456	0.4318	0.1518	0.1708
229	0.2361	0.4333	0.1437	0.1870
230	0.2625	0.4128	0.1430	0.1818
231	0.2478	0.4304	0.1488	0.1730
232	0.2610	0.4194	0.1408	0.1789
233	0.2427	0.4443	0.1290	0.1840
234	0.2412	0.4223	0.1554	0.1811
235	0.2339	0.4443	0.1437	0.1782
236	0.2324	0.4128	0.1576	0.1972
237	0.2603	0.4274	0.1474	0.1650
238	0.2485	0.4296	0.1364	0.1855
239	0.2309	0.4472	0.1371	0.1848
240	0.2221	0.4457	0.1408	0.1913
241	0.2595	0.4421	0.1298	0.1686
242	0.2493	0.4450	0.1437	0.1620
243	0.2471	0.4238	0.1532	0.1760
244	0.2500	0.4238	0.1320	0.1943
245	0.2471	0.4311	0.1569	0.1650
246	0.2625	0.4267	0.1422	0.1686
247	0.2654	0.4047	0.1532	0.1767
248	0.2610	0.4326	0.1305	0.1760
249	0.2537	0.4274	0.1488	0.1701
250	0.2485	0.4362	0.1334	0.1818
251	0.2412	0.4194	0.1503	0.1891
252	0.2507	0.4348	0.1393	0.1752
253	0.2390	0.4179	0.1576	0.1855
254	0.2566	0.4120	0.1496	0.1818
255	0.2449	0.4091	0.1510	0.1950
256	0.2529	0.4348	0.1430	0.1694
257	0.2581	0.4186	0.1349	0.1884
258	0.2581	0.4091	0.1503	0.1826
259	0.2551	0.4252	0.1488	0.1708
260	0.2742	0.4047	0.1408	0.1804
261	0.2669	0.4304	0.1327	0.1701
262	0.2603	0.4157	0.1452	0.1789
263	0.2617	0.4098	0.1503	0.1782
264	0.2522	0.4179	0.1474	0.1826
265	0.2647	0.3974	0.1430	0.1950
266	0.2669	0.4391	0.1437	0.1503
267	0.2837	0.4076	0.1510	0.1576
268	0.2764	0.4208	0.1459	0.1569
269	0.2683	0.4150	0.1547	0.1620
270	0.2801	0.4326	0.1496	0.1378
271	0.2705	0.4370	0.1356	0.1569
272	0.2639	0.4340	0.1202	0.1818
273	0.2749	0.4135	0.1327	0.1789
274	0.2918	0.4260	0.1312	0.1510
275	0.3043	0.4069	0.1166	0.1723
276	0.3262	0.3783	0.1386	0.1569
277	0.3248	0.4091	0.1210	0.1452
278	0.3387	0.3834	0.1246	0.1532
279	0.3644	0.3570	0.1246	0.1540
280	0.4018	0.3563	0.1034	0.1386
281	0.4047	0.3607	0.0931	0.1415
282	0.3937	0.3336	0.1034	0.1694
283	0.3746	0.3636	0.1085	0.1532
284	0.3922	0.3138	0.1180	0.1760
285	0.4025	0.3101	0.1312	0.1562
286	0.3717	0.3350	0.1195	0.1738
287	0.3321	0.3592	0.1188	0.1899
288	0.2874	0.3717	0.1584	0.1826
289	0.2786	0.3812	0.1554	0.1848
290	0.2720	0.3966	0.1422	0.1891
291	0.2412	0.4611	0.1393	0.1584
292	0.1789	0.5191	0.1364	0.1657
293	0.1870	0.5330	0.1356	0.1444
294	0.1606	0.5755	0.1268	0.1371
295	0.1716	0.5616	0.1136	0.1532
296	0.1913	0.4494	0.1708	0.1884
297	0.1921	0.4465	0.1884	0.1730
298	0.2309	0.4091	0.1972	0.1628
299	0.1320	0.4787	0.2405	0.1488
300	0.0638	0.4949	0.2126	0.2287
301	0.6884	0.1950	0.0565	0.0601
302	0.4245	0.3776	0.1107	0.0872
303	0.3079	0.4260	0.1606	0.1056
304	0.2581	0.4289	0.1694	0.1437
305	0.2544	0.4179	0.1532	0.1745
306	0.2287	0.4267	0.1987	0.1459
307	0.2617	0.3996	0.1796	0.1591
308	0.2221	0.4076	0.1708	0.1994
309	0.2097	0.4413	0.1672	0.1818
310	0.2133	0.4523	0.1598	0.1745
311	0.1745	0.4413	0.1972	0.1870
312	0.2177	0.4479	0.1913	0.1430
313	0.2353	0.4223	0.1833	0.1591
314	0.2566	0.4457	0.1613	0.1364
315	0.2735	0.4098	0.1635	0.1532
316	0.2947	0.4032	0.1635	0.1386
317	0.2749	0.4157	0.1657	0.1437
318	0.2808	0.3893	0.1870	0.1430
319	0.2801	0.4010	0.1686	0.1503
320	0.2896	0.3922	0.1716	0.1466
321	0.2911	0.3944	0.1591	0.1554
322	0.2815	0.3908	0.1738	0.1540
323	0.2881	0.3893	0.1584	0.1642
324	0.2771	0.4106	0.1635	0.1488
325	0.2969	0.4098	0.1628	0.1305
326	0.2903	0.3739	0.1672	0.1686
327	0.2823	0.3849	0.1606	0.1723
328	0.3028	0.3966	0.1576	0.1430
329	0.2947	0.3937	0.1474	0.1642
330	0.3109	0.3570	0.1760	0.1562
331	0.3065	0.3864	0.1532	0.1540
332	0.3028	0.3585	0.1928	0.1459
333	0.3343	0.3592	0.1408	0.1657
334	0.3065	0.3585	0.1701	0.1650
335	0.3021	0.3680	0.1686	0.1613
336	0.3145	0.3864	0.1452	0.1540
337	0.3123	0.3644	0.1569	0.1664
338	0.2947	0.3607	0.1760	0.1686
339	0.3248	0.3563	0.1613	0.1576
340	0.3079	0.3534	0.1833	0.1554
341	0.3101	0.3790	0.1679	0.1430
342	0.2830	0.3900	0.1518	0.1752
343	0.2837	0.3842	0.1716	0.1606
344	0.3152	0.3490	0.1804	0.1554
345	0.3189	0.3526	0.1635	0.1650
346	0.3394	0.3299	0.1826	0.1481
347	0.3314	0.3607	0.1598	0.1481
348	0.3028	0.3688	0.1613	0.1672
349	0.3372	0.3350	0.1569	0.1708
350	0.3299	0.3776	0.1437	0.1488
351	0.3065	0.3453	0.1606	0.1877
352	0.3218	0.3570	0.1628	0.1584
353	0.3035	0.3504	0.1635	0.1826
354	0.3101	0.3556	0.1518	0.1826
355	0.3475	0.3321	0.1518	0.1686
356	0.3255	0.3446	0.1738	0.1562
357	0.3196	0.3512	0.1657	0.1635
358	0.3299	0.3394	0.1686	0.1620
359	0.3101	0.3409	0.1657	0.1833
360	0.3123	0.3622	0.1510	0.1745
361	0.3526	0.3270	0.1422	0.1782
362	0.3372	0.3541	0.1547	0.1540
363	0.2940	0.3416	0.1723	0.1921
364	0.3211	0.3556	0.1716	0.1518
365	0.3218	0.3629	0.1547	0.1606
366	0.3380	0.3306	0.1576	0.1738
367	0.3174	0.3688	0.1547	0.1591
368	0.3409	0.3380	0.1672	0.1540
369	0.2874	0.3592	0.1628	0.1906
370	0.3262	0.3380	0.1723	0.1635
371	0.3240	0.3372	0.1862	0.1525
372	0.3226	0.3248	0.1752	0.1774
373	0.3321	0.3629	0.1510	0.1540
374	0.3270	0.3409	0.1628	0.1694
375	0.3438	0.3343	0.1540	0.1679
376	0.3262	0.3277	0.1598	0.1862
377	0.3299	0.3636	0.1598	0.1466
378	0.3255	0.3233	0.1716	0.1796
379	0.3270	0.3343	0.1584	0.1804
380	0.3673	0.3372	0.1525	0.1430
381	0.3453	0.3240	0.1679	0.1628
382	0.3695	0.3204	0.1488	0.1613
383	0.3438	0.3299	0.1657	0.1606
384	0.3424	0.3211	0.1774	0.1591
385	0.3446	0.3167	0.1510	0.1877
386	0.3314	0.3321	0.1679	0.1686
387	0.3431	0.3262	0.1650	0.1657
388	0.3189	0.3218	0.1870	0.1723
389	0.3394	0.3284	0.1540	0.1782
390	0.3240	0.3292	0.1708	0.1760
391	0.3109	0.3358	0.1686	0.1848
392	0.3394	0.3358	0.1591	0.1657
393	0.3306	0.3343	0.1730	0.1620
394	0.3504	0.3306	0.1620	0.1569
395	0.3548	0.3270	0.1496	0.1686
396	0.3497	0.3240	0.1437	0.1826
397	0.3314	0.3453	0.1547	0.1686
398	0.3152	0.3079	0.1862	0.1906
399	0.3409	0.3270	0.1716	0.1606
400	0.3416	0.3328	0.1569	0.1686
