motif	A	T	C	G
1	0.2920	0.2798	0.1811	0.2471
2	0.2979	0.2807	0.1879	0.2334
3	0.2913	0.2880	0.1736	0.2471
4	0.2848	0.2895	0.1772	0.2485
5	0.2943	0.2953	0.1767	0.2338
6	0.2859	0.2861	0.1824	0.2456
7	0.2930	0.2871	0.1788	0.2412
8	0.2882	0.2930	0.1801	0.2387
9	0.2876	0.2882	0.1889	0.2353
10	0.2848	0.2861	0.1830	0.2462
11	0.2981	0.2813	0.1868	0.2338
12	0.2871	0.2899	0.1788	0.2443
13	0.2924	0.2819	0.1746	0.2511
14	0.2819	0.2775	0.1948	0.2458
15	0.2809	0.2903	0.1921	0.2366
16	0.2960	0.2846	0.1784	0.2410
17	0.2920	0.2907	0.1748	0.2426
18	0.2827	0.2861	0.1790	0.2523
19	0.2823	0.2907	0.1837	0.2433
20	0.2758	0.2926	0.1872	0.2445
21	0.2886	0.2832	0.1872	0.2410
22	0.2874	0.2888	0.1849	0.2389
23	0.2785	0.2962	0.1856	0.2397
24	0.3012	0.2840	0.1856	0.2292
25	0.2909	0.2953	0.1809	0.2330
26	0.2884	0.2878	0.1839	0.2399
27	0.2888	0.2848	0.1826	0.2439
28	0.3004	0.2777	0.1854	0.2364
29	0.2878	0.2934	0.1833	0.2355
30	0.2804	0.2947	0.1917	0.2332
31	0.2857	0.2729	0.1858	0.2555
32	0.3002	0.2800	0.1837	0.2361
33	0.2899	0.2865	0.1862	0.2374
34	0.2953	0.2823	0.1791	0.2433
35	0.2895	0.2828	0.1858	0.2418
36	0.2991	0.2733	0.1856	0.2420
37	0.2993	0.2846	0.1778	0.2383
38	0.2865	0.2853	0.1818	0.2464
39	0.2817	0.2928	0.1814	0.2441
40	0.2897	0.2813	0.1854	0.2435
41	0.2911	0.2869	0.1797	0.2424
42	0.2867	0.2874	0.1791	0.2468
43	0.2876	0.2836	0.1898	0.2389
44	0.2878	0.2842	0.1872	0.2408
45	0.2956	0.2851	0.1744	0.2448
46	0.2918	0.2796	0.1816	0.2469
47	0.2880	0.2855	0.1803	0.2462
48	0.2811	0.2867	0.1956	0.2366
49	0.2792	0.2886	0.1893	0.2429
50	0.2752	0.2964	0.1845	0.2439
51	0.2771	0.2985	0.1843	0.2401
52	0.2842	0.2972	0.1786	0.2401
53	0.2930	0.2859	0.1843	0.2368
54	0.2909	0.2838	0.1860	0.2393
55	0.2941	0.2848	0.1799	0.2412
56	0.2920	0.2853	0.1866	0.2361
57	0.2907	0.2811	0.1830	0.2452
58	0.2886	0.2863	0.1847	0.2405
59	0.2857	0.2828	0.1847	0.2468
60	0.2949	0.2832	0.1822	0.2397
61	0.2934	0.2777	0.1780	0.2510
62	0.2930	0.2767	0.1824	0.2479
63	0.2762	0.2834	0.1910	0.2494
64	0.2962	0.2800	0.1902	0.2336
65	0.2857	0.2838	0.1832	0.2473
66	0.2781	0.2924	0.1906	0.2389
67	0.2790	0.2785	0.1921	0.2504
68	0.2828	0.2960	0.1770	0.2441
69	0.2836	0.2895	0.1891	0.2378
70	0.2951	0.2853	0.1828	0.2368
71	0.2848	0.2968	0.1828	0.2357
72	0.2800	0.2964	0.1740	0.2496
73	0.2836	0.2968	0.1757	0.2439
74	0.2844	0.2934	0.1853	0.2370
75	0.2846	0.2911	0.1830	0.2414
76	0.2934	0.2794	0.1877	0.2395
77	0.2840	0.2976	0.1837	0.2347
78	0.2813	0.2846	0.1870	0.2471
79	0.2872	0.2863	0.1875	0.2389
80	0.2859	0.2922	0.1824	0.2395
81	0.2836	0.2964	0.1875	0.2324
82	0.2783	0.2916	0.1860	0.2441
83	0.2844	0.2901	0.1841	0.2414
84	0.2955	0.2968	0.1748	0.2330
85	0.2781	0.2880	0.1904	0.2435
86	0.2890	0.2861	0.1862	0.2387
87	0.2815	0.2995	0.1881	0.2309
88	0.2813	0.2979	0.1812	0.2395
89	0.2817	0.2966	0.1812	0.2405
90	0.2914	0.2926	0.1912	0.2248
91	0.2817	0.2983	0.1866	0.2334
92	0.2920	0.2840	0.1898	0.2341
93	0.2813	0.2974	0.1851	0.2362
94	0.2903	0.2928	0.1782	0.2387
95	0.2846	0.2876	0.1770	0.2508
96	0.2890	0.2886	0.1788	0.2437
97	0.3040	0.2893	0.1790	0.2277
98	0.2932	0.2949	0.1770	0.2349
99	0.2872	0.2926	0.1883	0.2319
100	0.2945	0.2907	0.1826	0.2322
101	0.2935	0.3040	0.1801	0.2223
102	0.2888	0.2922	0.1843	0.2347
103	0.2874	0.3079	0.1772	0.2275
104	0.2855	0.2989	0.1782	0.2374
105	0.2846	0.2884	0.1895	0.2376
106	0.2840	0.3126	0.1828	0.2206
107	0.2905	0.2926	0.1872	0.2298
108	0.2918	0.3063	0.1772	0.2246
109	0.2878	0.3025	0.1715	0.2382
110	0.2838	0.3061	0.1818	0.2282
111	0.2853	0.2972	0.1877	0.2298
112	0.2911	0.2997	0.1776	0.2317
113	0.2934	0.3115	0.1749	0.2202
114	0.2832	0.3147	0.1845	0.2175
115	0.2871	0.3010	0.1759	0.2361
116	0.2960	0.3069	0.1795	0.2175
117	0.2830	0.3132	0.1801	0.2236
118	0.2807	0.3203	0.1795	0.2194
119	0.2819	0.3126	0.1820	0.2235
120	0.2939	0.3025	0.1822	0.2214
121	0.2926	0.3063	0.1749	0.2261
122	0.2886	0.3035	0.1805	0.2275
123	0.2838	0.3186	0.1763	0.2214
124	0.2987	0.3029	0.1717	0.2267
125	0.2760	0.3188	0.1751	0.2301
126	0.2792	0.3201	0.1820	0.2187
127	0.2890	0.3228	0.1658	0.2225
128	0.2819	0.3174	0.1751	0.2256
129	0.2863	0.3268	0.1713	0.2156
130	0.2836	0.3151	0.1740	0.2273
131	0.2850	0.3262	0.1730	0.2158
132	0.2951	0.3235	0.1646	0.2168
133	0.2853	0.3203	0.1770	0.2173
134	0.2882	0.3125	0.1797	0.2196
135	0.2867	0.3252	0.1774	0.2107
136	0.2863	0.3144	0.1795	0.2198
137	0.2895	0.3180	0.1719	0.2206
138	0.2903	0.3230	0.1681	0.2187
139	0.2914	0.3197	0.1790	0.2099
140	0.2926	0.3384	0.1621	0.2068
141	0.2796	0.3289	0.1767	0.2149
142	0.2823	0.3302	0.1751	0.2124
143	0.2748	0.3459	0.1765	0.2028
144	0.2809	0.3329	0.1740	0.2122
145	0.2827	0.3350	0.1742	0.2082
146	0.2932	0.3314	0.1635	0.2120
147	0.2762	0.3308	0.1734	0.2196
148	0.2878	0.3419	0.1639	0.2065
149	0.2827	0.3382	0.1662	0.2129
150	0.2848	0.3329	0.1742	0.2082
151	0.2800	0.3411	0.1721	0.2068
152	0.2838	0.3480	0.1665	0.2017
153	0.2850	0.3363	0.1663	0.2124
154	0.2838	0.3506	0.1648	0.2007
155	0.2834	0.3464	0.1723	0.1979
156	0.2729	0.3379	0.1814	0.2078
157	0.3004	0.3377	0.1585	0.2034
158	0.2838	0.3445	0.1616	0.2101
159	0.2785	0.3472	0.1723	0.2021
160	0.2909	0.3535	0.1608	0.1948
161	0.2848	0.3457	0.1684	0.2011
162	0.2785	0.3512	0.1692	0.2011
163	0.2823	0.3443	0.1683	0.2051
164	0.2764	0.3573	0.1642	0.2021
165	0.2744	0.3550	0.1706	0.2000
166	0.2733	0.3579	0.1648	0.2040
167	0.2739	0.3636	0.1652	0.1973
168	0.2743	0.3638	0.1625	0.1994
169	0.2815	0.3589	0.1564	0.2032
170	0.2722	0.3715	0.1644	0.1919
171	0.2716	0.3722	0.1618	0.1944
172	0.2754	0.3732	0.1562	0.1952
173	0.2720	0.3688	0.1644	0.1948
174	0.2777	0.3659	0.1625	0.1939
175	0.2783	0.3709	0.1488	0.2021
176	0.2668	0.3726	0.1537	0.2068
177	0.2699	0.3705	0.1620	0.1977
178	0.2704	0.3799	0.1516	0.1981
179	0.2735	0.3669	0.1665	0.1931
180	0.2716	0.3789	0.1606	0.1889
181	0.2825	0.3709	0.1547	0.1919
182	0.2681	0.3699	0.1704	0.1916
183	0.2729	0.3780	0.1570	0.1921
184	0.2708	0.3780	0.1555	0.1958
185	0.2796	0.3780	0.1560	0.1864
186	0.2752	0.3659	0.1576	0.2013
187	0.2788	0.3780	0.1539	0.1893
188	0.2651	0.3911	0.1610	0.1828
189	0.2664	0.3825	0.1627	0.1883
190	0.2695	0.3999	0.1574	0.1732
191	0.2592	0.3930	0.1524	0.1954
192	0.2662	0.3896	0.1539	0.1902
193	0.2678	0.3864	0.1583	0.1875
194	0.2716	0.3896	0.1522	0.1866
195	0.2689	0.3864	0.1576	0.1872
196	0.2620	0.4030	0.1528	0.1822
197	0.2615	0.3980	0.1564	0.1841
198	0.2609	0.3999	0.1553	0.1839
199	0.2699	0.3999	0.1461	0.1841
200	0.2659	0.3995	0.1524	0.1822
201	0.2603	0.3972	0.1486	0.1939
202	0.2708	0.3972	0.1450	0.1870
203	0.2550	0.4079	0.1526	0.1845
204	0.2592	0.4123	0.1492	0.1793
205	0.2599	0.4058	0.1478	0.1864
206	0.2674	0.4051	0.1495	0.1780
207	0.2504	0.4158	0.1488	0.1851
208	0.2638	0.3986	0.1488	0.1889
209	0.2595	0.4165	0.1476	0.1763
210	0.2552	0.4169	0.1472	0.1807
211	0.2649	0.3986	0.1513	0.1853
212	0.2632	0.4173	0.1444	0.1751
213	0.2489	0.4104	0.1602	0.1805
214	0.2599	0.4072	0.1451	0.1877
215	0.2611	0.4097	0.1448	0.1845
216	0.2532	0.4083	0.1545	0.1839
217	0.2683	0.4041	0.1442	0.1833
218	0.2685	0.4064	0.1419	0.1832
219	0.2601	0.4064	0.1518	0.1816
220	0.2557	0.4137	0.1471	0.1835
221	0.2605	0.4078	0.1453	0.1864
222	0.2594	0.4129	0.1509	0.1769
223	0.2571	0.4100	0.1501	0.1828
224	0.2588	0.4099	0.1432	0.1881
225	0.2630	0.4097	0.1434	0.1839
226	0.2550	0.4284	0.1438	0.1728
227	0.2607	0.4045	0.1555	0.1793
228	0.2590	0.4177	0.1451	0.1782
229	0.2613	0.4070	0.1494	0.1824
230	0.2605	0.4112	0.1450	0.1833
231	0.2672	0.4037	0.1465	0.1826
232	0.2676	0.4070	0.1385	0.1870
233	0.2632	0.4173	0.1366	0.1830
234	0.2611	0.4133	0.1423	0.1833
235	0.2595	0.4188	0.1492	0.1725
236	0.2592	0.3994	0.1566	0.1849
237	0.2723	0.4104	0.1472	0.1700
238	0.2752	0.4079	0.1406	0.1763
239	0.2666	0.4167	0.1367	0.1799
240	0.2599	0.4095	0.1474	0.1832
241	0.2672	0.4104	0.1465	0.1759
242	0.2674	0.4121	0.1425	0.1780
243	0.2712	0.4081	0.1425	0.1782
244	0.2636	0.4121	0.1430	0.1812
245	0.2720	0.3995	0.1507	0.1778
246	0.2672	0.4106	0.1495	0.1727
247	0.2865	0.3921	0.1434	0.1780
248	0.2723	0.4074	0.1408	0.1795
249	0.2777	0.3934	0.1463	0.1826
250	0.2720	0.4133	0.1392	0.1755
251	0.2641	0.4064	0.1425	0.1870
252	0.2689	0.4154	0.1369	0.1788
253	0.2659	0.4068	0.1513	0.1761
254	0.2733	0.4093	0.1413	0.1761
255	0.2722	0.4074	0.1364	0.1841
256	0.2735	0.4110	0.1318	0.1837
257	0.2716	0.4085	0.1406	0.1793
258	0.2720	0.4074	0.1469	0.1738
259	0.2758	0.4049	0.1444	0.1749
260	0.2842	0.4057	0.1415	0.1686
261	0.2832	0.4072	0.1367	0.1728
262	0.2695	0.4041	0.1440	0.1824
263	0.2741	0.4026	0.1453	0.1780
264	0.2846	0.4064	0.1440	0.1650
265	0.2752	0.3990	0.1484	0.1774
266	0.2872	0.4110	0.1419	0.1599
267	0.2815	0.3984	0.1501	0.1700
268	0.2878	0.4049	0.1495	0.1578
269	0.2804	0.4116	0.1444	0.1637
270	0.2832	0.4049	0.1545	0.1574
271	0.2899	0.4097	0.1348	0.1656
272	0.2806	0.4125	0.1360	0.1709
273	0.2928	0.4064	0.1383	0.1625
274	0.3067	0.3982	0.1341	0.1610
275	0.3132	0.3963	0.1251	0.1654
276	0.3287	0.3745	0.1285	0.1683
277	0.3417	0.3724	0.1306	0.1553
278	0.3470	0.3743	0.1196	0.1591
279	0.3633	0.3612	0.1150	0.1606
280	0.3927	0.3579	0.1043	0.1451
281	0.4022	0.3480	0.1035	0.1463
282	0.3906	0.3396	0.1102	0.1597
283	0.3791	0.3407	0.1133	0.1669
284	0.3871	0.3346	0.1148	0.1635
285	0.3732	0.3314	0.1276	0.1679
286	0.3654	0.3445	0.1268	0.1633
287	0.3337	0.3543	0.1329	0.1791
288	0.3134	0.3602	0.1465	0.1799
289	0.2838	0.3887	0.1436	0.1839
290	0.2672	0.4139	0.1450	0.1740
291	0.2330	0.4500	0.1511	0.1660
292	0.2175	0.4836	0.1354	0.1635
293	0.1921	0.5105	0.1373	0.1600
294	0.1723	0.5581	0.1262	0.1434
295	0.1910	0.5460	0.1115	0.1515
296	0.2044	0.4456	0.1686	0.1814
297	0.2200	0.4368	0.1662	0.1770
298	0.2328	0.4043	0.1816	0.1812
299	0.1480	0.4519	0.2284	0.1717
300	0.0877	0.4840	0.2009	0.2275
301	0.6587	0.2042	0.0634	0.0737
302	0.4211	0.3692	0.1045	0.1052
303	0.3188	0.4186	0.1409	0.1217
304	0.2487	0.4286	0.1618	0.1610
305	0.2548	0.3971	0.1671	0.1811
306	0.2483	0.4081	0.1686	0.1749
307	0.2649	0.3967	0.1602	0.1782
308	0.2424	0.3995	0.1650	0.1931
309	0.2341	0.4232	0.1545	0.1881
310	0.2242	0.4184	0.1686	0.1887
311	0.2320	0.4177	0.1803	0.1700
312	0.2439	0.4227	0.1805	0.1530
313	0.2601	0.4009	0.1761	0.1629
314	0.2874	0.4068	0.1669	0.1388
315	0.2932	0.3934	0.1600	0.1534
316	0.3029	0.3871	0.1541	0.1558
317	0.2953	0.3904	0.1555	0.1589
318	0.3012	0.3799	0.1621	0.1568
319	0.2935	0.4016	0.1547	0.1501
320	0.3046	0.3822	0.1568	0.1564
321	0.3092	0.3778	0.1579	0.1551
322	0.3012	0.3764	0.1654	0.1570
323	0.3077	0.3697	0.1581	0.1644
324	0.3050	0.3797	0.1648	0.1505
325	0.3157	0.3797	0.1578	0.1469
326	0.3019	0.3640	0.1646	0.1694
327	0.3083	0.3650	0.1576	0.1692
328	0.3157	0.3717	0.1595	0.1532
329	0.3029	0.3741	0.1564	0.1665
330	0.3157	0.3575	0.1593	0.1675
331	0.3293	0.3541	0.1564	0.1602
332	0.3176	0.3549	0.1616	0.1660
333	0.3249	0.3589	0.1516	0.1646
334	0.3119	0.3566	0.1639	0.1677
335	0.3230	0.3520	0.1587	0.1663
336	0.3195	0.3610	0.1562	0.1633
337	0.3264	0.3537	0.1553	0.1646
338	0.3174	0.3579	0.1614	0.1633
339	0.3262	0.3491	0.1557	0.1690
340	0.3218	0.3464	0.1696	0.1621
341	0.3193	0.3575	0.1587	0.1644
342	0.3184	0.3598	0.1484	0.1734
343	0.3214	0.3503	0.1646	0.1637
344	0.3170	0.3485	0.1631	0.1713
345	0.3159	0.3610	0.1581	0.1650
346	0.3199	0.3434	0.1713	0.1654
347	0.3256	0.3589	0.1526	0.1629
348	0.3155	0.3487	0.1633	0.1725
349	0.3325	0.3415	0.1602	0.1658
350	0.3279	0.3575	0.1547	0.1599
351	0.3245	0.3512	0.1522	0.1721
352	0.3310	0.3371	0.1684	0.1635
353	0.3210	0.3493	0.1576	0.1721
354	0.3270	0.3514	0.1478	0.1738
355	0.3251	0.3438	0.1581	0.1730
356	0.3209	0.3445	0.1665	0.1681
357	0.3327	0.3436	0.1558	0.1679
358	0.3210	0.3466	0.1614	0.1709
359	0.3270	0.3428	0.1652	0.1650
360	0.3306	0.3421	0.1610	0.1663
361	0.3312	0.3411	0.1549	0.1728
362	0.3222	0.3497	0.1648	0.1633
363	0.3151	0.3526	0.1641	0.1683
364	0.3304	0.3508	0.1595	0.1593
365	0.3294	0.3457	0.1536	0.1713
366	0.3335	0.3344	0.1635	0.1686
367	0.3197	0.3512	0.1578	0.1713
368	0.3356	0.3461	0.1574	0.1610
369	0.3279	0.3375	0.1623	0.1723
370	0.3304	0.3388	0.1620	0.1688
371	0.3178	0.3380	0.1740	0.1702
372	0.3252	0.3352	0.1614	0.1782
373	0.3352	0.3428	0.1612	0.1608
374	0.3356	0.3409	0.1581	0.1654
375	0.3367	0.3377	0.1616	0.1641
376	0.3403	0.3273	0.1593	0.1730
377	0.3398	0.3442	0.1576	0.1585
378	0.3369	0.3277	0.1656	0.1698
379	0.3340	0.3266	0.1635	0.1759
380	0.3432	0.3373	0.1642	0.1553
381	0.3270	0.3417	0.1660	0.1654
382	0.3440	0.3302	0.1555	0.1704
383	0.3401	0.3306	0.1623	0.1669
384	0.3361	0.3281	0.1700	0.1658
385	0.3340	0.3417	0.1526	0.1717
386	0.3319	0.3314	0.1610	0.1757
387	0.3329	0.3268	0.1671	0.1732
388	0.3331	0.3283	0.1644	0.1742
389	0.3233	0.3365	0.1662	0.1740
390	0.3262	0.3316	0.1679	0.1744
391	0.3266	0.3294	0.1679	0.1761
392	0.3306	0.3377	0.1658	0.1660
393	0.3294	0.3308	0.1662	0.1736
394	0.3405	0.3258	0.1660	0.1677
395	0.3453	0.3266	0.1558	0.1723
396	0.3369	0.3352	0.1515	0.1765
397	0.3348	0.3379	0.1568	0.1706
398	0.3316	0.3226	0.1679	0.1780
399	0.3375	0.3321	0.1686	0.1618
400	0.3424	0.3285	0.1662	0.1629
